0,384
0,319
0,318
0,317
0,316
0,283
25,3
25,2
25,1
25,0
24,3
24,2
24,1
24,0
23,52
23,51
23,50
23,49
23,48
23,47
23,46
23,45
23,44
23,43
23,42
23,41
23,40
23,39
23,38
23,37
23,36
23,35
11,18
11,16
11,15
11,14
11,13
11,12
11,10
11,9
11,8
11,7
11,6
11,5
11,4
8,8
8,9
8,7
8,4
9,6
9,4
4,17
4,40
6,7
6,8
7,10
7,14
7,8
7,7
17,2
17,1
17,3
15,2
15,1
15,3
16,2
16,1
16,3
13,2
14,2
4,41
4,16
4,26
4,4
4,33
4,27
4,37
4,12
4,14
4,35
4,24
4,1
4,87
4,2
4,3
6,6
6,5
6,1
6,4
6,2
6,3
7,15
7,12
7,4
7,6
7,16
7,1
7,11
7,2
7,3
5,4
5,2
5,1
5,3
3,2
10,77
10,69
10,171
10,203
10,159
10,177
10,157
10,2
10,3
11,20
11,11
11,17
11,2
11,3
9,5
9,2
9,3
8,10
8,11
8,6
8,5
8,2
8,3
12,2
12,1
12,3
11,30
11,29
11,28
11,27
11,26
